GridResolution=256
GridStart=-21.0;-21.0;-1.00059628487
GridEnd=21.0;21.0;5.9170999527
StackSizeX=32
StackSizeY=8
