GridResolution=256
GridStart=-131.914993286;-82.4819030762;-7.05330991745
GridEnd=81.1947021484;56.7593002319;27.9988002777
StackSizeX=32
StackSizeY=8
