# Autogenerated by the time of day editor
# Any formatting and comments will be lost

control_points:
    clouds:
        cloud_brightness: [[[0.5,0.5],[0.34549,0.41056],[0.24376,0.0],[0.86948,0.00293],[0.61228,0.43109],[0.75816,0.1085],[0.27831,0.24927]]]
        cloud_intensity: [[[0.49041,0.49707]]]
        cumulus_amount: [[[0.4405,1.0]]]
        stratus_amount: [[[0.11037,1.0]]]
        soft_amount: [[[0.44818,1.0]]]
    color_correction:
        exposure_scale: [[[0.46737,0.60408],[0.11516,0.08505],[0.82342,0.24047],[0.33589,0.46921],[0.64491,0.5044],[0.26488,0.16129]]]
    scattering:
        sun_intensity: [[[0.27832,0.0],[0.72361,0.63049],[0.79654,0.47214],[1.0,0.32551],[0.43761,0.7566],[0.04415,0.0],[0.53358,0.80645],[0.34549,0.20821]]]
        sun_color: [[[0.49911,0.5851],[0.04331,0.89997],[0.85974,0.913],[0.1785,0.89736],[0.80998,0.86511],[0.23608,0.77127],[0.66027,0.64517],[0.1286,0.95308]],[[0.50589,0.51603],[0.05727,0.65416],[0.2395,0.59768],[0.81046,0.6009],[0.69674,0.54839]],[[0.07472,0.43165],[0.47253,0.4121],[0.82342,0.43402]]]
        sun_azimuth: [[[0.21113,0.18475],[0.71401,0.80352],[0.4856,0.48387],[0.0,0.16129],[1.0,0.87683],[0.90403,0.86217],[0.37236,0.32551],[1.0,0.87977],[0.60077,0.68035]]]
        sun_altitude: [[[0.19386,0.0],[0.49712,0.86804],[1.0,0.0],[0.3954,0.68916],[0.66028,0.60117],[0.8119,0.2786],[0.29942,0.34017],[0.35125,0.53372],[0.5931,0.77127],[0.88675,0.08212],[0.26295,0.18768]]]
        fog_ramp_size: [[[0.61996,0.1437]]]
    env_probes:
        some_scalar: [[[0.5,0.5]]]
