# Autogenerated by the time of day editor
# Any formatting and comments will be lost

control_points:
    clouds:
        cloud_brightness: [[[0.5,0.5],[0.34549,0.41056],[0.24376,0.0],[0.86948,0.00293],[0.61228,0.43109],[0.75816,0.1085],[0.27831,0.24927]]]
        cloud_intensity: [[[0.49041,0.49707]]]
        cumulus_amount: [[[0.4405,1.0]]]
        stratus_amount: [[[0.11037,1.0]]]
        soft_amount: [[[0.44818,1.0]]]
    color_correction:
        exposure_scale: [[[0.5,0.78297],[0.11516,0.08505],[0.82342,0.24047],[0.33589,0.46921],[0.64491,0.5044],[0.25912,0.20235]]]
    scattering:
        sun_intensity: [[[0.71593,0.60703],[0.88291,0.0],[1.0,0.0],[0.40114,0.59531],[0.0,0.0],[0.49135,0.89443],[0.80422,0.1173],[0.6334,0.8651],[0.21496,0.0],[0.54894,0.90616],[0.31094,0.217]]]
        sun_color: [[[0.49719,0.5763],[0.04331,0.89997],[0.85974,0.913],[0.1785,0.89736],[0.80998,0.86511],[0.23608,0.77127],[0.66027,0.64517],[0.1286,0.95308]],[[0.50589,0.51603],[0.05727,0.65416],[0.2395,0.59768],[0.81046,0.6009],[0.69674,0.54839]],[[0.08624,0.42578],[0.49556,0.4033],[0.82342,0.43402]]]
        sun_azimuth: [[[0.20153,0.18182],[0.71401,0.80352],[0.49713,0.53372],[0.0,0.16129],[1.0,0.87683],[0.90403,0.86217],[0.3762,0.31964],[1.0,0.87977],[0.60077,0.68035]]]
        sun_altitude: [[[0.53359,0.85044],[0.21113,0.1261],[0.0,0.0],[1.0,0.0],[0.75624,0.21994],[0.78119,0.14076],[0.82917,0.0],[0.16123,0.0],[0.2476,0.26686],[0.29367,0.41935],[0.33589,0.59238],[0.37428,0.7566],[0.41843,0.95601],[0.46833,0.97947]]]
        fog_ramp_size: [[[0.37044,0.55425]]]
    env_probes:
        some_scalar: [[[0.53455,0.0]]]
