GridResolution=256
GridStart=-16.0000038147;-16.0000095367;-1.0
GridEnd=16.0000076294;16.0000038147;16.0
StackSizeX=32
StackSizeY=8
