
# Render Pipeline Time Of Day Configuration
# Instead of editing this file, prefer to use the Time Of Day Editor
# Any formatting and comments will be lost

control_points:
    clouds:
        cloud_brightness: [[[0.5000000000,0.5000000000]]]
        cloud_intensity: [[[0.5,0.5]]]
        cumulus_amount: [[[0.5,1.0000000000]]]
        stratus_amount: [[[0.1103700000,1.0000000000]]]
        soft_amount: [[[0.5,1.0000000000]]]
    color_correction:
        camera_iso: [[[0.5345489443,0.5136513820]]]
        camera_shutter: [[[0.5095969290,0.1128516483]]]
        camera_aperture: [[[0.5019193858,0.4838709677]]]
    scattering:
        sun_intensity: [[[0.5000000000,0.5000000000]]]
        sun_color: [[[0.4971900000,0.5763000000],[0.0433100000,0.8999700000],[0.8597400000,0.9130000000],[0.1785000000,0.8973600000],[0.8099800000,0.8651100000],[0.2360800000,0.7712700000],[0.6602700000,0.6451700000],[0.1286000000,0.9530800000]],[[0.5058900000,0.5160300000],[0.0572700000,0.6541600000],[0.2395000000,0.5976800000],[0.8104600000,0.6009000000],[0.6967400000,0.5483900000]],[[0.0862400000,0.4257800000],[0.4955600000,0.4033000000],[0.8234200000,0.4340200000]]]
        sun_azimuth: [[[0.5000000000,0.5000000000]]]
        sun_altitude: [[[0.5000000000,0.5000000000]]]
        fog_ramp_size: [[[0.6468330134,0.9178885631]]]
    dof:
        some_scalar: [[[0.5000000000,0.5000000000]]]
