GridResolution=256
GridStart=-16.0;-13.0000019073;-2.0
GridEnd=30.0000019073;32.0;6.49131822586
StackSizeX=32
StackSizeY=8
